16.53345269075352
16.765471514628988
16.807896258313654
17.123517213262627
17.216230360976912
17.216230360976912
17.2969176956574
17.29892948147713
17.29892948147713
17.304669394587535
17.309455600911154
17.309455600911154
17.309455600911154
17.43374826384431
17.43374826384431
17.43838506519616
17.451036180287904
17.451036180287904
17.451036180287904
17.451036180287904
17.451036180287904
17.461562299721926
17.461562299721926
17.461562299721926
17.461562299721926
17.461562299721926
17.461562299721926
17.465862030079517
17.465862030079517
17.465862030079517
17.465862030079517
17.465862030079517
17.465862030079517
17.465862030079517
17.465862030079517
17.465862030079517
17.465862030079517
17.46586203007952
17.46586203007952
17.46586203007952
17.46586203007952
17.46586203007952
17.46586203007952
17.46586203007952
17.46586203007952
17.46586203007952
17.46586203007952
17.46586203007952
17.46586203007952
17.523634691367924
17.523634691367924
17.523634691367924
17.523634691367924
17.523634691367924
17.523634691367924
17.523634691367924
17.523634691367924
17.523634691367924
17.523634691367924
17.523634691367924
17.523634691367924
17.523634691367924
17.523634691367924
17.523634691367924
17.523634691367924
17.523634691367924
17.523634691367924
17.523634691367928
17.523634691367928
17.523634691367928
17.523634691367928
17.523634691367928
17.523634691367928
17.523634691367928
17.523634691367928
17.523634691367928
17.523634691367928
17.523634691367928
17.523634691367928
17.523634691367928
17.523634691367928
17.523634691367928
17.523634691367928
17.523634691367928
17.523634691367928
17.523634691367928
17.523634691367928
17.523634691367928
17.523634691367928
17.523634691367928
17.523634691367928
17.523634691367928
17.523634691367928
17.523634691367928
17.523634691367928
17.523634691367928
17.523634691367928
17.523634691367928
17.523634691367928
17.523634691367928
